SUBJ,ITEM,RESP,,,,
1,103,3,,,,
1,103,4,,,,
1,108,2,,,,
1,114,1,,,CODE,STIM
1,104,1,,,101,bb
1,105,3,,,102,bd
1,113,1,,,103,bg
1,107,1,,,104,dd
1,110,1,,,105,db
1,112,3,,,106,dg
1,102,4,,,107,gg
1,101,1,,,108,gb
1,106,2,,,109,gd
1,106,1,,,110,fb
1,112,4,,,111,fd
1,103,4,,,112,fg
1,106,1,,,113,ff
1,101,1,,,114,bf
1,113,2,,,115,df
1,115,4,,,116,gf
1,112,4,,,,
1,104,1,,,,
1,103,4,,,,
1,111,4,,,,
1,110,1,,,,
1,108,4,,,,
1,113,2,,,,
1,107,1,,,,
1,116,3,,,,
1,102,4,,,,
1,111,4,,,,
1,114,1,,,,
1,109,2,,,,
1,109,2,,,,
1,116,4,,,,
1,109,2,,,,
1,105,2,,,,
1,104,1,,,,
1,108,3,,,,
1,105,3,,,,
1,110,2,,,,
1,113,1,,,,
1,110,1,,,,
1,106,1,,,,
1,108,3,,,,
1,109,1,,,,
1,101,1,,,,
1,107,1,,,,
1,107,1,,,,
1,107,1,,,,
1,104,1,,,,
1,102,4,,,,
1,107,1,,,,
1,105,2,,,,
1,113,1,,,,
1,113,1,,,,
1,101,1,,,,
1,114,1,,,,
1,106,1,,,,
1,105,4,,,,
1,111,4,,,,
1,111,4,,,,
1,101,1,,,,
1,110,1,,,,
1,102,4,,,,
1,111,4,,,,
1,116,3,,,,
1,111,4,,,,
1,112,4,,,,
1,105,2,,,,
1,106,1,,,,
1,103,4,,,,
1,109,1,,,,
1,110,2,,,,
1,113,2,,,,
1,108,3,,,,
1,102,4,,,,
1,104,1,,,,
1,115,3,,,,
1,115,3,,,,
1,104,1,,,,
1,102,4,,,,
1,108,3,,,,
1,107,1,,,,
1,106,1,,,,
1,109,1,,,,
1,101,1,,,,
1,104,1,,,,
1,107,1,,,,
1,106,1,,,,
1,106,1,,,,
1,108,2,,,,
1,102,4,,,,
1,116,3,,,,
1,105,2,,,,
1,106,1,,,,
1,101,1,,,,
1,115,3,,,,
1,101,1,,,,
1,105,3,,,,
1,106,1,,,,
1,116,2,,,,
1,107,1,,,,
1,103,4,,,,
1,104,1,,,,
1,106,2,,,,
1,111,4,,,,
1,108,3,,,,
1,102,4,,,,
1,103,4,,,,
1,105,2,,,,
1,105,2,,,,
1,114,1,,,,
1,114,1,,,,
1,104,1,,,,
1,109,1,,,,
1,109,1,,,,
1,116,2,,,,
1,101,1,,,,
1,115,2,,,,
1,109,1,,,,
1,106,1,,,,
1,109,1,,,,
1,101,1,,,,
1,101,1,,,,
1,115,2,,,,
1,102,4,,,,
1,104,1,,,,
1,107,2,,,,
1,102,4,,,,
1,108,3,,,,
1,103,4,,,,
1,115,2,,,,
1,110,1,,,,
1,108,2,,,,
1,103,4,,,,
1,112,4,,,,
1,104,1,,,,
1,113,1,,,,
1,107,1,,,,
1,108,3,,,,
1,106,3,,,,
1,108,2,,,,
1,102,3,,,,
1,116,2,,,,
1,113,1,,,,
1,107,1,,,,
1,105,2,,,,
1,101,1,,,,
1,105,1,,,,
1,116,2,,,,
1,104,1,,,,
1,107,1,,,,
1,110,1,,,,
1,113,1,,,,
1,114,1,,,,
1,115,1,,,,
1,105,2,,,,
1,103,4,,,,
1,103,4,,,,
1,108,2,,,,
1,103,4,,,,
1,104,1,,,,
1,114,1,,,,
1,107,2,,,,
1,103,3,,,,
1,115,2,,,,
1,101,1,,,,
1,109,1,,,,
1,102,4,,,,
1,105,2,,,,
1,111,3,,,,
1,103,3,,,,
1,102,4,,,,
1,109,1,,,,
1,111,4,,,,
1,116,2,,,,
1,111,4,,,,
1,114,1,,,,
1,101,1,,,,
1,101,1,,,,
1,110,1,,,,
1,107,2,,,,
1,105,2,,,,
1,112,3,,,,
1,109,1,,,,
1,114,1,,,,
1,104,1,,,,
1,109,1,,,,
1,108,2,,,,
1,112,3,,,,
1,104,1,,,,
1,114,1,,,,
1,108,2,,,,
1,116,3,,,,
1,106,1,,,,
1,102,3,,,,
1,112,4,,,,
1,102,3,,,,
1,115,2,,,,
1,112,3,,,,
1,109,1,,,,
1,112,3,,,,
1,103,1,,,,
1,110,1,,,,
2,110,1,,,,
2,114,1,,,,
2,101,1,,,,
2,112,1,,,,
2,108,2,,,,
2,114,1,,,,
2,116,2,,,,
2,108,2,,,,
2,104,1,,,,
2,103,4,,,,
2,115,4,,,,
2,102,4,,,,
2,102,4,,,,
2,102,4,,,,
2,102,4,,,,
2,108,2,,,,
2,116,3,,,,
2,107,1,,,,
2,113,3,,,,
2,113,3,,,,
2,113,1,,,,
2,105,4,,,,
2,115,3,,,,
2,114,1,,,,
2,101,1,,,,
2,113,2,,,,
2,101,1,,,,
2,113,2,,,,
2,113,2,,,,
2,104,1,,,,
2,109,4,,,,
2,105,4,,,,
2,116,4,,,,
2,104,1,,,,
2,107,1,,,,
2,108,1,,,,
2,109,1,,,,
2,103,4,,,,
2,113,3,,,,
2,110,3,,,,
2,103,4,,,,
2,107,1,,,,
2,116,4,,,,
2,111,4,,,,
2,102,4,,,,
2,111,4,,,,
2,106,2,,,,
2,115,4,,,,
2,114,1,,,,
2,103,4,,,,
2,110,4,,,,
2,110,1,,,,
2,105,4,,,,
2,112,4,,,,
2,101,1,,,,
2,109,2,,,,
2,104,1,,,,
2,111,4,,,,
2,104,1,,,,
2,106,3,,,,
2,103,4,,,,
2,101,1,,,,
2,113,1,,,,
2,103,4,,,,
2,103,4,,,,
2,106,1,,,,
2,116,4,,,,
2,108,2,,,,
2,109,2,,,,
2,112,4,,,,
2,109,2,,,,
2,111,4,,,,
2,105,4,,,,
2,107,2,,,,
2,106,4,,,,
2,112,4,,,,
2,108,2,,,,
2,107,2,,,,
2,110,1,,,,
2,106,1,,,,
2,114,1,,,,
2,102,4,,,,
2,106,1,,,,
2,105,4,,,,
2,106,1,,,,
2,103,4,,,,
2,101,1,,,,
2,101,1,,,,
2,115,4,,,,
2,104,1,,,,
2,104,1,,,,
2,113,1,,,,
2,105,4,,,,
2,114,1,,,,
2,108,2,,,,
2,102,4,,,,
2,111,4,,,,
2,110,1,,,,
2,110,1,,,,
2,109,2,,,,
2,106,1,,,,
2,104,1,,,,
2,102,4,,,,
2,109,4,,,,
2,116,4,,,,
2,109,2,,,,
2,105,3,,,,
2,106,2,,,,
2,112,4,,,,
2,107,2,,,,
2,104,1,,,,
2,102,4,,,,
2,108,4,,,,
2,110,1,,,,
2,102,4,,,,
2,107,4,,,,
2,103,4,,,,
2,108,2,,,,
2,114,1,,,,
2,104,1,,,,
2,105,2,,,,
2,102,4,,,,
2,109,2,,,,
2,112,4,,,,
2,106,1,,,,
2,104,1,,,,
2,103,4,,,,
2,101,1,,,,
2,114,1,,,,
2,102,4,,,,
2,102,4,,,,
2,107,1,,,,
2,103,4,,,,
2,109,2,,,,
2,112,4,,,,
2,101,1,,,,
2,107,1,,,,
2,103,4,,,,
2,103,4,,,,
2,116,4,,,,
2,106,1,,,,
2,105,4,,,,
2,108,3,,,,
2,106,1,,,,
2,108,2,,,,
2,103,4,,,,
2,108,2,,,,
2,102,4,,,,
2,109,3,,,,
2,115,4,,,,
2,112,4,,,,
2,107,2,,,,
2,111,4,,,,
2,112,4,,,,
2,105,4,,,,
2,113,2,,,,
2,104,1,,,,
2,101,1,,,,
2,109,2,,,,
2,111,4,,,,
2,103,4,,,,
2,107,1,,,,
2,104,1,,,,
2,110,1,,,,
2,111,3,,,,
2,107,1,,,,
2,107,1,,,,
2,106,1,,,,
2,112,1,,,,
2,105,2,,,,
2,115,4,,,,
2,109,3,,,,
2,108,3,,,,
2,110,1,,,,
2,109,2,,,,
2,114,1,,,,
2,105,3,,,,
2,101,1,,,,
2,111,4,,,,
2,116,3,,,,
2,115,4,,,,
2,109,3,,,,
2,107,1,,,,
2,115,4,,,,
2,101,1,,,,
2,108,4,,,,
2,111,4,,,,
2,114,1,,,,
2,116,4,,,,
2,101,1,,,,
2,116,4,,,,
2,107,2,,,,
2,105,4,,,,
2,115,4,,,,
2,104,1,,,,
2,108,3,,,,
2,101,1,,,,
2,105,4,,,,
2,106,1,,,,
2,101,1,,,,
2,115,4,,,,
2,106,1,,,,
2,102,4,,,,
2,105,3,,,,
2,104,3,,,,
3,107,1,,,,
3,109,4,,,,
3,109,4,,,,
3,113,4,,,,
3,107,2,,,,
3,112,2,,,,
3,105,4,,,,
3,104,4,,,,
3,105,4,,,,
3,103,4,,,,
3,101,2,,,,
3,103,4,,,,
3,105,3,,,,
3,115,4,,,,
3,102,1,,,,
3,112,4,,,,
3,106,4,,,,
3,114,4,,,,
3,111,4,,,,
3,101,2,,,,
3,103,4,,,,
3,107,3,,,,
3,112,3,,,,
3,113,1,,,,
3,107,1,,,,
3,114,1,,,,
3,101,1,,,,
3,109,4,,,,
3,109,1,,,,
3,102,4,,,,
3,110,4,,,,
3,104,1,,,,
3,110,4,,,,
3,106,1,,,,
3,115,3,,,,
3,104,2,,,,
3,114,1,,,,
3,101,1,,,,
3,104,2,,,,
3,105,4,,,,
3,106,1,,,,
3,108,4,,,,
3,111,4,,,,
3,101,3,,,,
3,106,1,,,,
3,109,2,,,,
3,111,4,,,,
3,101,1,,,,
3,111,3,,,,
3,115,1,,,,
3,101,1,,,,
3,115,1,,,,
3,111,3,,,,
3,115,3,,,,
3,103,1,,,,
3,108,1,,,,
3,101,1,,,,
3,106,4,,,,
3,116,3,,,,
3,102,3,,,,
3,113,1,,,,
3,105,1,,,,
3,103,4,,,,
3,114,1,,,,
3,113,1,,,,
3,111,1,,,,
3,116,3,,,,
3,105,4,,,,
3,114,1,,,,
3,105,3,,,,
3,112,3,,,,
3,102,2,,,,
3,116,2,,,,
3,116,1,,,,
3,108,1,,,,
3,113,1,,,,
3,109,3,,,,
3,108,1,,,,
3,111,3,,,,
3,113,2,,,,
3,109,3,,,,
3,104,3,,,,
3,107,4,,,,
3,107,4,,,,
3,112,4,,,,
3,115,2,,,,
3,104,2,,,,
3,105,1,,,,
3,112,1,,,,
3,113,1,,,,
3,104,1,,,,
3,103,1,,,,
3,108,2,,,,
3,108,4,,,,
3,116,1,,,,
3,107,2,,,,
3,108,3,,,,
3,101,1,,,,
3,108,2,,,,
3,110,1,,,,
3,105,1,,,,
3,111,2,,,,
3,103,1,,,,
3,108,2,,,,
3,109,2,,,,
3,116,1,,,,
3,104,4,,,,
3,109,3,,,,
3,106,2,,,,
3,115,1,,,,
3,108,2,,,,
3,114,1,,,,
3,101,1,,,,
3,102,3,,,,
3,106,2,,,,
3,106,2,,,,
3,103,3,,,,
3,102,4,,,,
3,112,4,,,,
3,102,2,,,,
3,104,2,,,,
3,102,4,,,,
3,116,3,,,,
3,105,1,,,,
3,102,2,,,,
3,113,4,,,,
3,102,1,,,,
3,107,1,,,,
3,115,2,,,,
3,112,1,,,,
3,104,4,,,,
3,104,3,,,,
3,106,1,,,,
3,116,2,,,,
3,113,1,,,,
3,115,4,,,,
3,103,2,,,,
3,108,1,,,,
3,106,1,,,,
3,103,4,,,,
3,110,3,,,,
3,107,1,,,,
3,106,1,,,,
3,105,1,,,,
3,101,1,,,,
3,108,3,,,,
3,101,4,,,,
3,106,2,,,,
3,107,1,,,,
3,112,2,,,,
3,111,4,,,,
3,115,1,,,,
3,108,1,,,,
3,109,2,,,,
3,107,4,,,,
3,108,1,,,,
3,104,2,,,,
3,102,4,,,,
3,103,1,,,,
3,114,1,,,,
3,114,1,,,,
3,106,4,,,,
3,101,4,,,,
3,108,1,,,,
3,114,1,,,,
3,101,1,,,,
3,102,4,,,,
3,116,2,,,,
3,102,1,,,,
3,104,1,,,,
3,110,2,,,,
3,107,1,,,,
3,110,4,,,,
3,105,3,,,,
3,102,4,,,,
3,111,4,,,,
3,109,3,,,,
3,109,3,,,,
3,107,2,,,,
3,112,3,,,,
3,114,1,,,,
3,102,2,,,,
3,116,1,,,,
3,103,1,,,,
3,110,4,,,,
3,104,3,,,,
3,109,3,,,,
3,106,2,,,,
3,104,1,,,,
3,106,2,,,,
3,103,3,,,,
3,109,1,,,,
3,113,4,,,,
3,107,2,,,,
3,109,3,,,,
3,110,1,,,,
3,105,3,,,,
3,103,4,,,,
3,107,3,,,,
3,110,2,,,,
3,105,3,,,,
3,110,1,,,,
3,101,1,,,,
3,105,2,,,,
3,103,4,,,,
4,104,2,,,,
4,105,2,,,,
4,115,3,,,,
4,107,2,,,,
4,115,4,,,,
4,115,4,,,,
4,106,1,,,,
4,116,3,,,,
4,113,4,,,,
4,107,2,,,,
4,109,2,,,,
4,113,4,,,,
4,113,4,,,,
4,105,4,,,,
4,108,4,,,,
4,111,1,,,,
4,104,1,,,,
4,109,1,,,,
4,116,3,,,,
4,107,2,,,,
4,101,1,,,,
4,103,4,,,,
4,103,3,,,,
4,113,4,,,,
4,104,1,,,,
4,109,3,,,,
4,103,4,,,,
4,101,1,,,,
4,107,1,,,,
4,112,4,,,,
4,109,1,,,,
4,109,1,,,,
4,107,1,,,,
4,110,3,,,,
4,112,4,,,,
4,115,4,,,,
4,113,4,,,,
4,103,4,,,,
4,115,4,,,,
4,105,4,,,,
4,116,4,,,,
4,107,1,,,,
4,110,3,,,,
4,106,1,,,,
4,106,4,,,,
4,112,4,,,,
4,106,4,,,,
4,110,4,,,,
4,113,4,,,,
4,110,3,,,,
4,104,1,,,,
4,109,1,,,,
4,101,1,,,,
4,107,1,,,,
4,105,3,,,,
4,112,3,,,,
4,101,1,,,,
4,112,1,,,,
4,105,2,,,,
4,114,3,,,,
4,112,4,,,,
4,115,4,,,,
4,108,4,,,,
4,103,4,,,,
4,112,1,,,,
4,108,3,,,,
4,106,1,,,,
4,115,3,,,,
4,105,1,,,,
4,105,3,,,,
4,105,3,,,,
4,104,1,,,,
4,103,4,,,,
4,104,1,,,,
4,112,2,,,,
4,111,1,,,,
4,111,1,,,,
4,101,1,,,,
4,114,1,,,,
4,103,1,,,,
4,104,1,,,,
4,111,1,,,,
4,114,1,,,,
4,104,1,,,,
4,116,3,,,,
4,104,1,,,,
4,114,1,,,,
4,104,1,,,,
4,102,1,,,,
4,105,3,,,,
4,110,3,,,,
4,115,3,,,,
4,102,1,,,,
4,102,1,,,,
4,104,1,,,,
4,101,3,,,,
4,102,2,,,,
4,101,2,,,,
4,107,1,,,,
4,116,4,,,,
4,104,1,,,,
4,102,3,,,,
4,106,1,,,,
4,101,1,,,,
4,112,3,,,,
4,109,1,,,,
4,108,4,,,,
4,101,1,,,,
4,112,4,,,,
4,103,3,,,,
4,105,3,,,,
4,115,4,,,,
4,108,4,,,,
4,102,4,,,,
4,106,1,,,,
4,109,1,,,,
4,106,1,,,,
4,108,4,,,,
4,103,3,,,,
4,106,1,,,,
4,106,1,,,,
4,107,1,,,,
4,116,4,,,,
4,101,3,,,,
4,109,1,,,,
4,111,3,,,,
4,111,2,,,,
4,107,1,,,,
4,107,1,,,,
4,108,3,,,,
4,102,3,,,,
4,110,4,,,,
4,101,1,,,,
4,103,3,,,,
4,114,1,,,,
4,108,3,,,,
4,110,4,,,,
4,108,4,,,,
4,109,2,,,,
4,114,1,,,,
4,105,3,,,,
4,105,4,,,,
4,102,3,,,,
4,103,3,,,,
4,102,3,,,,
4,108,3,,,,
4,113,3,,,,
4,106,1,,,,
4,105,3,,,,
4,115,4,,,,
4,107,1,,,,
4,113,4,,,,
4,102,3,,,,
4,108,4,,,,
4,106,1,,,,
4,104,1,,,,
4,103,3,,,,
4,106,1,,,,
4,110,3,,,,
4,102,3,,,,
4,113,4,,,,
4,104,1,,,,
4,114,2,,,,
4,116,4,,,,
4,103,3,,,,
4,102,3,,,,
4,110,4,,,,
4,103,3,,,,
4,114,3,,,,
4,102,3,,,,
4,105,4,,,,
4,116,4,,,,
4,106,1,,,,
4,107,1,,,,
4,111,3,,,,
4,108,2,,,,
4,116,4,,,,
4,108,4,,,,
4,103,2,,,,
4,110,2,,,,
4,101,4,,,,
4,111,3,,,,
4,101,3,,,,
4,102,3,,,,
4,111,3,,,,
4,107,3,,,,
4,109,1,,,,
4,113,4,,,,
4,116,4,,,,
4,111,3,,,,
4,105,3,,,,
4,109,3,,,,
4,101,4,,,,
4,106,1,,,,
4,102,3,,,,
4,108,4,,,,
4,101,4,,,,
4,109,1,,,,
4,107,1,,,,
4,109,1,,,,
4,104,1,,,,
4,108,4,,,,
4,114,4,,,,
4,109,4,,,,
4,114,3,,,,
5,108,1,,,,
5,109,1,,,,
5,106,1,,,,
5,115,2,,,,
5,107,1,,,,
5,107,1,,,,
5,107,1,,,,
5,116,3,,,,
5,109,1,,,,
5,111,4,,,,
5,106,1,,,,
5,104,1,,,,
5,111,4,,,,
5,109,1,,,,
5,101,1,,,,
5,106,1,,,,
5,110,3,,,,
5,103,4,,,,
5,101,1,,,,
5,114,1,,,,
5,113,2,,,,
5,103,4,,,,
5,105,2,,,,
5,108,2,,,,
5,107,1,,,,
5,103,1,,,,
5,102,4,,,,
5,107,1,,,,
5,102,3,,,,
5,116,3,,,,
5,116,1,,,,
5,101,1,,,,
5,101,1,,,,
5,108,1,,,,
5,101,1,,,,
5,104,1,,,,
5,108,1,,,,
5,104,1,,,,
5,114,1,,,,
5,107,1,,,,
5,102,2,,,,
5,105,2,,,,
5,113,2,,,,
5,103,3,,,,
5,104,1,,,,
5,115,3,,,,
5,103,4,,,,
5,104,1,,,,
5,109,1,,,,
5,108,2,,,,
5,110,2,,,,
5,105,1,,,,
5,115,3,,,,
5,105,1,,,,
5,110,2,,,,
5,112,4,,,,
5,115,2,,,,
5,106,1,,,,
5,113,1,,,,
5,108,1,,,,
5,111,3,,,,
5,103,3,,,,
5,109,1,,,,
5,103,4,,,,
5,112,4,,,,
5,109,1,,,,
5,116,4,,,,
5,110,3,,,,
5,112,4,,,,
5,105,4,,,,
5,106,1,,,,
5,105,2,,,,
5,110,2,,,,
5,115,2,,,,
5,113,3,,,,
5,114,1,,,,
5,103,3,,,,
5,104,1,,,,
5,112,3,,,,
5,101,1,,,,
5,111,2,,,,
5,102,4,,,,
5,107,1,,,,
5,104,1,,,,
5,111,3,,,,
5,104,1,,,,
5,103,3,,,,
5,101,1,,,,
5,114,1,,,,
5,105,3,,,,
5,113,3,,,,
5,102,3,,,,
5,106,1,,,,
5,104,1,,,,
5,104,1,,,,
5,109,1,,,,
5,103,3,,,,
5,108,2,,,,
5,113,3,,,,
5,115,3,,,,
5,102,3,,,,
5,115,2,,,,
5,109,1,,,,
5,105,3,,,,
5,104,1,,,,
5,114,1,,,,
5,112,3,,,,
5,113,1,,,,
5,106,1,,,,
5,102,2,,,,
5,105,1,,,,
5,113,2,,,,
5,115,2,,,,
5,103,3,,,,
5,103,3,,,,
5,106,1,,,,
5,107,1,,,,
5,106,1,,,,
5,113,1,,,,
5,101,1,,,,
5,106,1,,,,
5,108,2,,,,
5,110,3,,,,
5,101,1,,,,
5,105,3,,,,
5,103,4,,,,
5,115,3,,,,
5,107,1,,,,
5,112,3,,,,
5,101,1,,,,
5,112,3,,,,
5,109,2,,,,
5,107,1,,,,
5,108,1,,,,
5,106,1,,,,
5,109,1,,,,
5,107,1,,,,
5,115,3,,,,
5,108,1,,,,
5,114,1,,,,
5,109,1,,,,
5,110,3,,,,
5,114,1,,,,
5,106,1,,,,
5,107,1,,,,
5,104,1,,,,
5,104,1,,,,
5,108,3,,,,
5,111,4,,,,
5,102,4,,,,
5,101,1,,,,
5,114,1,,,,
5,101,1,,,,
5,101,1,,,,
5,102,3,,,,
5,105,3,,,,
5,111,4,,,,
5,102,4,,,,
5,107,1,,,,
5,102,4,,,,
5,101,1,,,,
5,114,1,,,,
5,110,4,,,,
5,109,1,,,,
5,101,1,,,,
5,109,1,,,,
5,114,1,,,,
5,107,1,,,,
5,102,4,,,,
5,112,4,,,,
5,111,4,,,,
5,102,1,,,,
5,103,4,,,,
5,104,1,,,,
5,103,4,,,,
5,116,3,,,,
5,111,4,,,,
5,113,1,,,,
5,110,1,,,,
5,112,4,,,,
5,106,1,,,,
5,108,1,,,,
5,116,1,,,,
5,109,1,,,,
5,105,3,,,,
5,105,3,,,,
5,110,4,,,,
5,105,2,,,,
5,116,1,,,,
5,116,1,,,,
5,102,4,,,,
5,112,4,,,,
5,105,1,,,,
5,102,4,,,,
5,106,1,,,,
5,111,4,,,,
5,108,1,,,,
5,108,1,,,,
5,108,1,,,,
5,104,1,,,,
5,107,1,,,,
5,116,1,,,,
5,109,2,,,,
5,116,2,,,,
5,106,1,,,,
6,111,2,,,,
6,108,1,,,,
6,104,1,,,,
6,103,1,,,,
6,108,1,,,,
6,109,2,,,,
6,104,2,,,,
6,116,3,,,,
6,108,3,,,,
6,101,1,,,,
6,101,1,,,,
6,109,4,,,,
6,109,2,,,,
6,112,4,,,,
6,115,1,,,,
6,114,1,,,,
6,113,4,,,,
6,107,1,,,,
6,105,2,,,,
6,107,1,,,,
6,110,3,,,,
6,101,1,,,,
6,104,2,,,,
6,104,1,,,,
6,103,1,,,,
6,106,2,,,,
6,103,1,,,,
6,102,1,,,,
6,111,3,,,,
6,105,4,,,,
6,114,1,,,,
6,112,3,,,,
6,109,1,,,,
6,106,4,,,,
6,102,1,,,,
6,115,3,,,,
6,110,4,,,,
6,113,4,,,,
6,104,1,,,,
6,105,1,,,,
6,105,1,,,,
6,101,1,,,,
6,103,1,,,,
6,112,3,,,,
6,110,4,,,,
6,101,1,,,,
6,107,1,,,,
6,102,1,,,,
6,113,3,,,,
6,113,4,,,,
6,112,4,,,,
6,115,3,,,,
6,101,1,,,,
6,110,4,,,,
6,101,1,,,,
6,104,1,,,,
6,107,1,,,,
6,105,1,,,,
6,116,1,,,,
6,102,2,,,,
6,105,1,,,,
6,109,1,,,,
6,112,3,,,,
6,109,1,,,,
6,113,4,,,,
6,104,1,,,,
6,110,4,,,,
6,102,4,,,,
6,101,1,,,,
6,115,1,,,,
6,116,1,,,,
6,108,1,,,,
6,103,2,,,,
6,102,2,,,,
6,103,3,,,,
6,102,2,,,,
6,104,1,,,,
6,101,1,,,,
6,101,1,,,,
6,105,2,,,,
6,102,2,,,,
6,109,3,,,,
6,102,3,,,,
6,108,1,,,,
6,108,2,,,,
6,106,1,,,,
6,116,2,,,,
6,110,3,,,,
6,106,1,,,,
6,101,1,,,,
6,106,1,,,,
6,102,2,,,,
6,107,1,,,,
6,107,1,,,,
6,107,1,,,,
6,109,1,,,,
6,116,2,,,,
6,101,3,,,,
6,111,4,,,,
6,111,4,,,,
6,106,1,,,,
6,110,4,,,,
6,105,3,,,,
6,105,3,,,,
6,107,1,,,,
6,106,1,,,,
6,104,1,,,,
6,113,4,,,,
6,111,3,,,,
6,114,2,,,,
6,115,2,,,,
6,109,1,,,,
6,108,2,,,,
6,107,1,,,,
6,102,4,,,,
6,107,1,,,,
6,112,3,,,,
6,110,4,,,,
6,107,1,,,,
6,115,3,,,,
6,108,2,,,,
6,104,1,,,,
6,103,2,,,,
6,103,4,,,,
6,104,1,,,,
6,109,1,,,,
6,108,1,,,,
6,115,2,,,,
6,115,2,,,,
6,116,2,,,,
6,107,1,,,,
6,109,1,,,,
6,111,2,,,,
6,105,3,,,,
6,102,3,,,,
6,112,4,,,,
6,108,2,,,,
6,109,2,,,,
6,108,3,,,,
6,105,3,,,,
6,104,1,,,,
6,114,1,,,,
6,106,1,,,,
6,116,2,,,,
6,114,2,,,,
6,111,3,,,,
6,109,1,,,,
6,114,2,,,,
6,107,1,,,,
6,106,1,,,,
6,104,1,,,,
6,106,1,,,,
6,104,1,,,,
6,106,1,,,,
6,115,2,,,,
6,101,1,,,,
6,112,3,,,,
6,115,3,,,,
6,108,3,,,,
6,108,3,,,,
6,105,3,,,,
6,110,4,,,,
6,104,1,,,,
6,108,4,,,,
6,102,3,,,,
6,116,2,,,,
6,102,2,,,,
6,109,1,,,,
6,103,2,,,,
6,111,3,,,,
6,103,4,,,,
6,105,3,,,,
6,114,2,,,,
6,101,2,,,,
6,103,3,,,,
6,102,2,,,,
6,106,2,,,,
6,106,2,,,,
6,113,4,,,,
6,106,1,,,,
6,103,3,,,,
6,116,2,,,,
6,114,3,,,,
6,107,1,,,,
6,107,1,,,,
6,114,3,,,,
6,103,3,,,,
6,113,4,,,,
6,108,3,,,,
6,103,4,,,,
6,110,4,,,,
6,112,3,,,,
6,114,2,,,,
6,116,2,,,,
6,113,4,,,,
6,113,4,,,,
6,103,3,,,,
6,112,3,,,,
6,111,2,,,,
6,105,3,,,,
6,109,1,,,,
6,101,1,,,,
6,105,2,,,,
6,111,3,,,,
6,106,2,,,,
7,111,2,,,,
7,109,1,,,,
7,104,1,,,,
7,116,3,,,,
7,107,1,,,,
7,114,1,,,,
7,102,4,,,,
7,103,4,,,,
7,103,4,,,,
7,110,3,,,,
7,111,3,,,,
7,103,3,,,,
7,103,4,,,,
7,101,1,,,,
7,115,3,,,,
7,111,3,,,,
7,112,2,,,,
7,107,1,,,,
7,114,1,,,,
7,101,1,,,,
7,105,3,,,,
7,115,2,,,,
7,104,1,,,,
7,113,3,,,,
7,105,2,,,,
7,110,2,,,,
7,104,1,,,,
7,104,1,,,,
7,107,1,,,,
7,102,4,,,,
7,106,1,,,,
7,111,3,,,,
7,102,3,,,,
7,112,2,,,,
7,113,2,,,,
7,105,3,,,,
7,112,2,,,,
7,108,2,,,,
7,107,1,,,,
7,115,3,,,,
7,102,4,,,,
7,107,1,,,,
7,109,2,,,,
7,110,2,,,,
7,111,2,,,,
7,112,3,,,,
7,108,3,,,,
7,106,3,,,,
7,108,2,,,,
7,107,1,,,,
7,101,1,,,,
7,116,2,,,,
7,103,4,,,,
7,102,3,,,,
7,109,2,,,,
7,113,3,,,,
7,112,3,,,,
7,103,4,,,,
7,103,4,,,,
7,104,1,,,,
7,109,3,,,,
7,105,4,,,,
7,109,3,,,,
7,103,4,,,,
7,114,1,,,,
7,110,2,,,,
7,101,1,,,,
7,112,3,,,,
7,101,1,,,,
7,104,3,,,,
7,115,3,,,,
7,105,2,,,,
7,106,2,,,,
7,107,1,,,,
7,108,3,,,,
7,113,1,,,,
7,112,4,,,,
7,106,2,,,,
7,110,2,,,,
7,113,1,,,,
7,102,4,,,,
7,104,1,,,,
7,103,4,,,,
7,112,4,,,,
7,106,1,,,,
7,112,4,,,,
7,112,4,,,,
7,102,4,,,,
7,104,1,,,,
7,114,1,,,,
7,104,1,,,,
7,111,4,,,,
7,116,1,,,,
7,106,1,,,,
7,105,3,,,,
7,108,3,,,,
7,110,2,,,,
7,101,1,,,,
7,109,1,,,,
7,116,3,,,,
7,107,1,,,,
7,114,1,,,,
7,104,1,,,,
7,115,4,,,,
7,116,4,,,,
7,101,2,,,,
7,113,2,,,,
7,103,3,,,,
7,101,1,,,,
7,114,1,,,,
7,102,4,,,,
7,107,1,,,,
7,102,3,,,,
7,104,1,,,,
7,116,4,,,,
7,116,4,,,,
7,109,2,,,,
7,109,2,,,,
7,104,1,,,,
7,106,1,,,,
7,103,4,,,,
7,105,2,,,,
7,115,3,,,,
7,101,1,,,,
7,106,3,,,,
7,105,3,,,,
7,101,1,,,,
7,102,3,,,,
7,101,1,,,,
7,108,3,,,,
7,106,2,,,,
7,103,3,,,,
7,106,1,,,,
7,110,2,,,,
7,109,2,,,,
7,116,3,,,,
7,105,3,,,,
7,113,2,,,,
7,102,4,,,,
7,105,3,,,,
7,116,3,,,,
7,104,1,,,,
7,105,3,,,,
7,108,3,,,,
7,115,3,,,,
7,116,3,,,,
7,114,1,,,,
7,115,3,,,,
7,114,1,,,,
7,101,1,,,,
7,108,3,,,,
7,115,4,,,,
7,109,2,,,,
7,110,2,,,,
7,109,3,,,,
7,108,3,,,,
7,108,2,,,,
7,105,2,,,,
7,103,4,,,,
7,101,1,,,,
7,106,2,,,,
7,102,4,,,,
7,115,2,,,,
7,110,1,,,,
7,106,2,,,,
7,108,2,,,,
7,107,2,,,,
7,105,2,,,,
7,109,2,,,,
7,106,3,,,,
7,109,3,,,,
7,105,3,,,,
7,114,1,,,,
7,103,3,,,,
7,101,1,,,,
7,106,3,,,,
7,108,3,,,,
7,107,2,,,,
7,102,4,,,,
7,101,1,,,,
7,111,2,,,,
7,102,4,,,,
7,107,1,,,,
7,108,3,,,,
7,103,3,,,,
7,113,2,,,,
7,108,3,,,,
7,107,1,,,,
7,104,1,,,,
7,113,2,,,,
7,111,2,,,,
7,110,1,,,,
7,102,4,,,,
7,107,2,,,,
7,113,2,,,,
7,111,2,,,,
7,109,1,,,,
7,111,3,,,,
7,107,1,,,,
7,105,3,,,,
7,108,3,,,,
7,104,1,,,,
7,106,1,,,,
7,109,1,,,,
7,114,1,,,,
8,104,2,,,,
8,106,1,,,,
8,110,2,,,,
8,111,4,,,,
8,108,4,,,,
8,105,4,,,,
8,112,4,,,,
8,116,3,,,,
8,103,4,,,,
8,113,1,,,,
8,115,2,,,,
8,115,2,,,,
8,105,1,,,,
8,114,1,,,,
8,112,3,,,,
8,105,2,,,,
8,116,2,,,,
8,114,1,,,,
8,108,2,,,,
8,108,2,,,,
8,106,3,,,,
8,102,4,,,,
8,109,2,,,,
8,105,3,,,,
8,101,1,,,,
8,112,4,,,,
8,109,3,,,,
8,102,4,,,,
8,111,4,,,,
8,102,4,,,,
8,104,1,,,,
8,110,2,,,,
8,115,3,,,,
8,114,1,,,,
8,106,2,,,,
8,107,3,,,,
8,103,4,,,,
8,104,2,,,,
8,110,2,,,,
8,103,4,,,,
8,113,3,,,,
8,102,4,,,,
8,107,3,,,,
8,116,2,,,,
8,110,2,,,,
8,110,1,,,,
8,114,2,,,,
8,112,4,,,,
8,110,2,,,,
8,109,3,,,,
8,108,2,,,,
8,106,2,,,,
8,110,2,,,,
8,114,1,,,,
8,109,2,,,,
8,116,2,,,,
8,105,3,,,,
8,102,4,,,,
8,107,2,,,,
8,105,2,,,,
8,109,2,,,,
8,105,2,,,,
8,109,3,,,,
8,104,2,,,,
8,108,3,,,,
8,111,4,,,,
8,101,1,,,,
8,113,2,,,,
8,107,2,,,,
8,107,2,,,,
8,101,1,,,,
8,116,3,,,,
8,106,2,,,,
8,106,1,,,,
8,106,1,,,,
8,108,2,,,,
8,105,3,,,,
8,107,2,,,,
8,103,4,,,,
8,111,4,,,,
8,101,1,,,,
8,103,4,,,,
8,103,4,,,,
8,101,2,,,,
8,101,1,,,,
8,106,2,,,,
8,115,3,,,,
8,108,3,,,,
8,113,2,,,,
8,113,2,,,,
8,107,1,,,,
8,101,2,,,,
8,103,4,,,,
8,109,2,,,,
8,108,2,,,,
8,106,3,,,,
8,107,1,,,,
8,116,2,,,,
8,106,2,,,,
8,108,3,,,,
8,103,4,,,,
8,111,4,,,,
8,105,3,,,,
8,105,3,,,,
8,108,2,,,,
8,108,2,,,,
8,113,1,,,,
8,102,3,,,,
8,101,1,,,,
8,115,2,,,,
8,101,1,,,,
8,113,2,,,,
8,101,1,,,,
8,114,2,,,,
8,101,1,,,,
8,111,4,,,,
8,107,1,,,,
8,102,3,,,,
8,102,4,,,,
8,104,2,,,,
8,104,1,,,,
8,112,4,,,,
8,116,3,,,,
8,112,4,,,,
8,109,2,,,,
8,109,2,,,,
8,105,2,,,,
8,108,2,,,,
8,116,1,,,,
8,101,2,,,,
8,109,3,,,,
8,108,2,,,,
8,111,4,,,,
8,103,4,,,,
8,102,3,,,,
8,105,2,,,,
8,111,3,,,,
8,104,1,,,,
8,102,3,,,,
8,109,2,,,,
8,103,4,,,,
8,104,2,,,,
8,111,3,,,,
8,107,2,,,,
8,106,2,,,,
8,103,4,,,,
8,102,4,,,,
8,101,2,,,,
8,109,3,,,,
8,108,3,,,,
8,109,2,,,,
8,106,2,,,,
8,114,1,,,,
8,110,2,,,,
8,106,2,,,,
8,113,2,,,,
8,103,4,,,,
8,102,4,,,,
8,110,1,,,,
8,107,2,,,,
8,108,3,,,,
8,105,3,,,,
8,106,2,,,,
8,102,4,,,,
8,107,2,,,,
8,115,3,,,,
8,113,2,,,,
8,101,1,,,,
8,107,2,,,,
8,107,1,,,,
8,105,1,,,,
8,112,4,,,,
8,110,1,,,,
8,102,4,,,,
8,109,2,,,,
8,105,3,,,,
8,104,2,,,,
8,104,1,,,,
8,112,4,,,,
8,109,3,,,,
8,112,4,,,,
8,115,3,,,,
8,104,2,,,,
8,116,3,,,,
8,114,2,,,,
8,104,1,,,,
8,104,1,,,,
8,113,3,,,,
8,115,3,,,,
8,101,2,,,,
8,107,1,,,,
8,114,2,,,,
8,115,3,,,,
8,103,3,,,,
8,116,3,,,,
8,103,3,,,,
8,114,2,,,,
8,102,4,,,,
8,106,3,,,,
8,103,4,,,,
8,115,3,,,,
8,111,4,,,,
8,104,2,,,,
8,104,1,,,,
8,112,4,,,,
9,106,NaN,,,,
9,105,NaN,,,,
9,108,NaN,,,,
9,106,NaN,,,,
9,103,NaN,,,,
9,104,1,,,,
9,109,3,,,,
9,107,1,,,,
9,102,4,,,,
9,105,2,,,,
9,109,1,,,,
9,102,4,,,,
9,108,1,,,,
9,105,3,,,,
9,103,4,,,,
9,102,4,,,,
9,104,2,,,,
9,101,1,,,,
9,107,1,,,,
9,107,1,,,,
9,103,3,,,,
9,103,3,,,,
9,102,3,,,,
9,106,1,,,,
9,102,3,,,,
9,102,4,,,,
9,103,4,,,,
9,102,4,,,,
9,109,2,,,,
9,102,4,,,,
9,102,4,,,,
9,104,1,,,,
9,101,1,,,,
9,104,1,,,,
9,107,1,,,,
9,103,4,,,,
9,106,1,,,,
9,105,2,,,,
9,101,1,,,,
9,109,1,,,,
9,108,2,,,,
9,106,1,,,,
9,101,1,,,,
9,102,2,,,,
9,107,1,,,,
9,108,2,,,,
9,109,2,,,,
9,101,1,,,,
9,109,2,,,,
9,105,2,,,,
9,104,1,,,,
9,103,4,,,,
9,104,1,,,,
9,107,1,,,,
9,109,1,,,,
9,102,4,,,,
9,106,1,,,,
9,107,1,,,,
9,105,2,,,,
9,101,1,,,,
9,103,3,,,,
9,105,2,,,,
9,108,2,,,,
9,108,1,,,,
9,109,1,,,,
9,105,2,,,,
9,103,4,,,,
9,105,2,,,,
9,107,1,,,,
9,104,1,,,,
9,105,2,,,,
9,102,4,,,,
9,106,1,,,,
9,102,4,,,,
9,108,2,,,,
9,107,1,,,,
9,102,4,,,,
9,103,4,,,,
9,108,2,,,,
9,103,4,,,,
9,103,4,,,,
9,106,4,,,,
9,102,4,,,,
9,103,4,,,,
9,101,1,,,,
9,107,1,,,,
9,108,1,,,,
9,109,3,,,,
9,102,4,,,,
9,102,4,,,,
9,104,4,,,,
9,107,1,,,,
9,109,1,,,,
9,103,4,,,,
9,105,2,,,,
9,105,2,,,,
9,108,2,,,,
9,108,1,,,,
9,109,2,,,,
9,101,1,,,,
9,106,1,,,,
9,103,4,,,,
9,108,2,,,,
9,108,2,,,,
9,104,1,,,,
9,102,4,,,,
9,102,4,,,,
9,104,1,,,,
9,101,1,,,,
9,107,1,,,,
9,103,4,,,,
9,107,1,,,,
9,101,1,,,,
9,109,2,,,,
9,101,1,,,,
9,103,4,,,,
9,101,1,,,,
9,109,2,,,,
9,104,1,,,,
9,108,3,,,,
9,108,3,,,,
9,101,1,,,,
9,107,1,,,,
9,104,1,,,,
9,103,4,,,,
9,108,2,,,,
9,101,1,,,,
9,103,4,,,,
9,109,1,,,,
9,101,1,,,,
9,109,3,,,,
9,109,2,,,,
9,107,1,,,,
9,108,2,,,,
9,104,1,,,,
9,102,4,,,,
9,108,1,,,,
9,104,1,,,,
9,101,1,,,,
9,104,2,,,,
9,104,2,,,,
9,101,1,,,,
9,108,2,,,,
9,104,2,,,,
9,101,1,,,,
9,105,2,,,,
9,104,1,,,,
9,103,4,,,,
9,106,2,,,,
9,107,1,,,,
9,109,3,,,,
9,106,1,,,,
9,104,1,,,,
9,101,1,,,,
9,102,4,,,,
9,105,3,,,,
9,101,1,,,,
9,104,1,,,,
9,106,1,,,,
9,104,1,,,,
9,107,1,,,,
9,105,3,,,,
9,105,3,,,,
9,101,1,,,,
9,107,1,,,,
9,101,1,,,,
9,109,2,,,,
9,104,1,,,,
9,109,1,,,,
9,107,1,,,,
9,109,3,,,,
9,105,3,,,,
9,105,3,,,,
9,106,2,,,,
9,102,4,,,,
9,102,4,,,,
9,102,4,,,,
9,104,1,,,,
9,107,1,,,,
9,109,3,,,,
10,102,2,,,,
10,108,NaN,,,,
10,106,1,,,,
10,101,1,,,,
10,108,2,,,,
10,112,4,,,,
10,110,1,,,,
10,101,1,,,,
10,114,1,,,,
10,110,2,,,,
10,116,4,,,,
10,105,3,,,,
10,111,4,,,,
10,101,1,,,,
10,105,3,,,,
10,107,1,,,,
10,109,2,,,,
10,108,3,,,,
10,106,1,,,,
10,109,2,,,,
10,106,1,,,,
10,110,1,,,,
10,113,1,,,,
10,105,3,,,,
10,108,1,,,,
10,104,1,,,,
10,105,2,,,,
10,106,1,,,,
10,114,1,,,,
10,115,3,,,,
10,102,4,,,,
10,109,2,,,,
10,107,1,,,,
10,111,4,,,,
10,113,1,,,,
10,116,2,,,,
10,102,4,,,,
10,103,4,,,,
10,107,1,,,,
10,104,1,,,,
10,110,1,,,,
10,109,2,,,,
10,116,3,,,,
10,101,1,,,,
10,105,2,,,,
10,112,4,,,,
10,111,4,,,,
10,106,1,,,,
10,107,1,,,,
10,102,4,,,,
10,107,1,,,,
10,102,4,,,,
10,106,1,,,,
10,105,3,,,,
10,106,1,,,,
10,110,1,,,,
10,115,2,,,,
10,104,1,,,,
10,113,1,,,,
10,103,4,,,,
10,105,2,,,,
10,116,3,,,,
10,113,1,,,,
10,109,2,,,,
10,107,1,,,,
10,105,3,,,,
10,115,4,,,,
10,104,1,,,,
10,104,1,,,,
10,108,2,,,,
10,110,1,,,,
10,108,2,,,,
10,102,4,,,,
10,104,1,,,,
10,101,1,,,,
10,108,2,,,,
10,109,3,,,,
10,104,1,,,,
10,108,2,,,,
10,113,1,,,,
10,109,2,,,,
10,115,3,,,,
10,101,1,,,,
10,101,1,,,,
10,107,1,,,,
10,114,1,,,,
10,111,4,,,,
10,111,4,,,,
10,114,1,,,,
10,114,1,,,,
10,102,4,,,,
10,105,2,,,,
10,105,3,,,,
10,101,1,,,,
10,109,3,,,,
10,112,4,,,,
10,115,2,,,,
10,113,1,,,,
10,103,4,,,,
10,102,4,,,,
10,105,2,,,,
10,114,1,,,,
10,112,4,,,,
10,109,2,,,,
10,104,1,,,,
10,114,1,,,,
10,108,2,,,,
10,105,2,,,,
10,106,1,,,,
10,109,2,,,,
10,108,2,,,,
10,109,2,,,,
10,101,1,,,,
10,107,1,,,,
10,107,1,,,,
10,113,1,,,,
10,113,1,,,,
10,109,2,,,,
10,115,3,,,,
10,116,3,,,,
10,104,1,,,,
10,112,4,,,,
10,113,1,,,,
10,102,4,,,,
10,102,4,,,,
10,112,4,,,,
10,111,4,,,,
10,110,1,,,,
10,108,2,,,,
10,106,1,,,,
10,114,1,,,,
10,106,1,,,,
10,102,4,,,,
10,101,1,,,,
10,116,2,,,,
10,108,2,,,,
10,106,1,,,,
10,114,1,,,,
10,107,1,,,,
10,108,2,,,,
10,104,1,,,,
10,103,4,,,,
10,102,4,,,,
10,102,4,,,,
10,107,1,,,,
10,103,4,,,,
10,110,1,,,,
10,111,1,,,,
10,109,2,,,,
10,101,1,,,,
10,106,1,,,,
10,112,4,,,,
10,115,3,,,,
10,108,2,,,,
10,114,1,,,,
10,112,4,,,,
10,106,1,,,,
10,106,1,,,,
10,103,4,,,,
10,109,2,,,,
10,111,4,,,,
10,106,1,,,,
10,116,3,,,,
10,103,4,,,,
10,109,1,,,,
10,103,4,,,,
10,101,1,,,,
10,104,1,,,,
10,101,1,,,,
10,102,4,,,,
10,115,2,,,,
10,116,3,,,,
10,113,1,,,,
10,102,4,,,,
10,115,2,,,,
10,110,1,,,,
10,103,4,,,,
10,104,1,,,,
10,116,3,,,,
10,111,4,,,,
10,107,1,,,,
10,104,2,,,,
10,111,4,,,,
10,116,2,,,,
10,108,1,,,,
10,103,4,,,,
10,104,1,,,,
10,110,1,,,,
10,107,1,,,,
10,101,1,,,,
10,103,4,,,,
10,112,4,,,,
10,103,4,,,,
10,105,3,,,,
10,104,1,,,,
10,107,1,,,,
10,105,2,,,,
10,105,2,,,,
10,115,2,,,,
10,103,4,,,,
10,107,1,,,,
10,112,4,,,,
10,103,4,,,,
10,103,4,,,,
10,101,1,,,,
11,103,3,,,,
11,105,2,,,,
11,106,1,,,,
11,104,1,,,,
11,108,2,,,,
11,105,2,,,,
11,102,4,,,,
11,106,1,,,,
11,101,1,,,,
11,103,4,,,,
11,103,4,,,,
11,107,1,,,,
11,107,1,,,,
11,101,1,,,,
11,101,1,,,,
11,101,1,,,,
11,106,1,,,,
11,103,4,,,,
11,105,3,,,,
11,109,1,,,,
11,108,1,,,,
11,109,1,,,,
11,106,3,,,,
11,103,4,,,,
11,109,2,,,,
11,102,4,,,,
11,103,4,,,,
11,108,2,,,,
11,105,2,,,,
11,107,3,,,,
11,102,4,,,,
11,101,1,,,,
11,105,2,,,,
11,109,1,,,,
11,109,1,,,,
11,103,4,,,,
11,107,1,,,,
11,107,1,,,,
11,107,1,,,,
11,101,1,,,,
11,103,4,,,,
11,107,1,,,,
11,101,1,,,,
11,104,1,,,,
11,102,4,,,,
11,103,4,,,,
11,109,1,,,,
11,105,3,,,,
11,108,3,,,,
11,102,3,,,,
11,102,4,,,,
11,102,4,,,,
11,104,1,,,,
11,106,2,,,,
11,103,4,,,,
11,107,1,,,,
11,104,1,,,,
11,102,4,,,,
11,108,1,,,,
11,102,4,,,,
11,106,1,,,,
11,108,1,,,,
11,106,1,,,,
11,103,3,,,,
11,104,1,,,,
11,101,1,,,,
11,104,1,,,,
11,103,4,,,,
11,107,1,,,,
11,102,1,,,,
11,104,1,,,,
11,101,1,,,,
11,107,1,,,,
11,108,3,,,,
11,108,3,,,,
11,108,3,,,,
11,102,4,,,,
11,108,3,,,,
11,102,4,,,,
11,101,1,,,,
11,105,3,,,,
11,106,3,,,,
11,107,1,,,,
11,108,1,,,,
11,104,1,,,,
11,106,1,,,,
11,109,1,,,,
11,109,1,,,,
11,106,1,,,,
11,102,4,,,,
11,109,1,,,,
11,108,1,,,,
11,103,4,,,,
11,104,1,,,,
11,104,1,,,,
11,108,3,,,,
11,102,4,,,,
11,103,4,,,,
11,105,4,,,,
11,104,1,,,,
11,106,1,,,,
11,102,1,,,,
11,109,1,,,,
11,108,3,,,,
11,104,1,,,,
11,103,4,,,,
11,102,4,,,,
11,109,1,,,,
11,104,1,,,,
11,108,3,,,,
11,102,4,,,,
11,108,3,,,,
11,105,3,,,,
11,103,4,,,,
11,103,4,,,,
11,105,3,,,,
11,102,4,,,,
11,103,4,,,,
11,105,3,,,,
11,104,1,,,,
11,101,1,,,,
11,105,3,,,,
11,103,4,,,,
11,108,2,,,,
11,107,1,,,,
11,109,2,,,,
11,106,1,,,,
11,107,1,,,,
11,107,1,,,,
11,104,1,,,,
11,101,1,,,,
11,106,1,,,,
11,108,2,,,,
11,102,4,,,,
11,105,3,,,,
11,103,4,,,,
11,107,1,,,,
11,107,1,,,,
11,109,2,,,,
11,108,2,,,,
11,104,1,,,,
11,103,4,,,,
11,101,1,,,,
11,107,1,,,,
11,103,4,,,,
11,106,1,,,,
11,109,1,,,,
11,105,3,,,,
11,103,4,,,,
11,104,1,,,,
11,109,1,,,,
11,104,1,,,,
11,109,1,,,,
11,103,4,,,,
11,103,4,,,,
11,105,3,,,,
11,105,3,,,,
11,107,1,,,,
11,109,2,,,,
11,109,2,,,,
11,101,1,,,,
11,106,1,,,,
11,109,1,,,,
11,107,1,,,,
11,109,2,,,,
11,106,2,,,,
11,103,4,,,,
11,107,2,,,,
11,109,2,,,,
11,109,2,,,,
11,106,2,,,,
11,103,4,,,,
11,104,1,,,,
11,101,1,,,,
11,102,3,,,,
11,103,4,,,,
11,106,1,,,,
11,108,3,,,,
11,109,1,,,,
11,109,1,,,,
